239652
261583
239651
239650
218950
239656
239655
287613
287612
239653
287615
287614
287617
287616
287619
287618
242823
224043
194415
239649
90558
239648
213015
252503
216403
239641
214486
239640
214485
214488
214487
239645
239644
239643
214484
287623
214483
239642
260125
182683
251544
239638
239636
239635
239639
214496
214499
214493
214492
214494
214491
214490
259243
207602
274870
269171
269173
214489
11601
218745
18126
18127
216320
216563
1371
246183
272565
269167
269169
272206
261263
261264
242504
231603
231604
277602
277601
277600
203381
6941
273008
218747
218746
184941
260167
194509
206302
20788
229766
229763
202063
219728
219727
70534
261003
16255
261007
189007
189006
3218
10837
203041
220605
220604
218544
214069
216486
239345
122263
205473
12905
219643
263004
265663
269908
277643
277642
277641
277640
210944
277647
277525
277646
272079
277645
277524
277644
277523
277649
277648
7837
243763
264567
206106
277632
277511
255624
277510
277631
277630
277636
277635
274003
277634
277513
277633
277512
196561
277639
277638
277637
259084
181048
218213
162688
217123
162687
162689
162684
22210
181041
162685
181042
162682
162681
277504
277625
277503
277624
277623
277629
277508
277628
277507
178900
416
277627
277506
277505
277626
277509
243744
240111
19179
19178
33589
273493
229463
11215
267644
267643
221523
223823
246944
269709
277444
212808
195546
279627
256863
254563
234830
266303
268605
268604
252284
220544
186721
220543
282904
212816
212811
265325
240263
219104
267743
264114
218490
277663
191282
191281
235945
212820
243663
208463
201823
224923
277653
277652
272087
277651
272088
213926
194322
267569
267568
267565
97876
267564
267567
267566
255583
283923
267570
210666
287067
220104
220105
277599
277598
277597
260928
277596
213826
287071
11078
44096
287070
267563
14109
264172
178870
208130
267784
267663
242485
277591
185242
277590
183062
277595
277594
277593
277592
25207
277588
277587
277224
277586
277585
252044
178868
277589
178866
178867
241163
199761
178864
242491
178865
212505
178862
178863
8446
208386
264389
277584
277583
274187
257623
230285
213723
236703
269303
265068
265069
234683
248603
230083
200784
248606
281786
178925
281787
281785
178921
237823
178922
233586
273803
271746
237827
206092
212643
271748
268687
233584
162690
284806
188862
284805
280200
281771
281772
281770
183142
219183
227923
281406
268685
2807
264086
199842
212303
188845
188846
188841
188843
256583
178936
178934
178935
178932
178933
244363
198762
178930
178931
180530
274939
209163
14172
209044
219088
261866
263926
263925
263924
249983
224563
274930
170601
249984
235323
274935
274938
274937
274928
269699
247208
165001
219093
219092
219090
223463
246364
247211
280126
259304
267164
274925
213563
9002
8150
7184
263908
281325
279369
281564
271761
239946
239703
269697
134661
239706
180521
213212
180523
180522
180401
180525
180524
180403
258444
228803
260505
281438
281436
282405
281437
281434
281435
180527
180526
180529
180528
93598
178892
238523
263842
25147
25267
193808
261427
197045
197046
235125
178889
197043
178887
178882
197048
178880
178881
16323
180984
239963
263837
268290
274963
178877
178878
178875
178876
16324
269146
178873
178874
178871
178872
239630
267069
239634
239632
211186
239631
27787
229945
226563
224144
28992
239627
268287
271324
268286
268288
38329
239629
268285
239628
268163
178781
212167
205623
200064
274941
200063
274940
269244
274942
267066
267067
267068
178898
178895
178896
274704
251723
178893
178894
